{
 "cells": [
  {
   "cell_type": "markdown",
   "id": "e5ffe35e",
   "metadata": {},
   "source": [
    "# Assignment 1"
   ]
  },
  {
   "cell_type": "markdown",
   "id": "85832c35",
   "metadata": {},
   "source": [
    "# Eigen Values and Eigen Vectors of Time Series Dataset"
   ]
  },
  {
   "cell_type": "markdown",
   "id": "7b936a1c",
   "metadata": {},
   "source": [
    "Name:- Neha Gupta"
   ]
  },
  {
   "cell_type": "markdown",
   "id": "e09a7932",
   "metadata": {},
   "source": [
    "Enrollment no:- 2021MSBDA023"
   ]
  },
  {
   "cell_type": "markdown",
   "id": "059405f9",
   "metadata": {},
   "source": [
    "Submitted to:- Dr.Pritpal Singh Sir"
   ]
  },
  {
   "cell_type": "code",
   "execution_count": 49,
   "id": "db97015a",
   "metadata": {},
   "outputs": [],
   "source": [
    "#import all libraries\n",
    "import numpy as np\n",
    "import pandas as pd\n",
    "import seaborn as sns"
   ]
  },
  {
   "cell_type": "code",
   "execution_count": 50,
   "id": "9951d2be",
   "metadata": {},
   "outputs": [
    {
     "name": "stdout",
     "output_type": "stream",
     "text": [
      "Dataset is:- \n"
     ]
    },
    {
     "data": {
      "text/html": [
       "<div>\n",
       "<style scoped>\n",
       "    .dataframe tbody tr th:only-of-type {\n",
       "        vertical-align: middle;\n",
       "    }\n",
       "\n",
       "    .dataframe tbody tr th {\n",
       "        vertical-align: top;\n",
       "    }\n",
       "\n",
       "    .dataframe thead th {\n",
       "        text-align: right;\n",
       "    }\n",
       "</style>\n",
       "<table border=\"1\" class=\"dataframe\">\n",
       "  <thead>\n",
       "    <tr style=\"text-align: right;\">\n",
       "      <th></th>\n",
       "      <th>Temp</th>\n",
       "      <th>Wind</th>\n",
       "    </tr>\n",
       "  </thead>\n",
       "  <tbody>\n",
       "    <tr>\n",
       "      <th>0</th>\n",
       "      <td>20</td>\n",
       "      <td>12</td>\n",
       "    </tr>\n",
       "    <tr>\n",
       "      <th>1</th>\n",
       "      <td>17</td>\n",
       "      <td>14</td>\n",
       "    </tr>\n",
       "    <tr>\n",
       "      <th>2</th>\n",
       "      <td>18</td>\n",
       "      <td>13</td>\n",
       "    </tr>\n",
       "    <tr>\n",
       "      <th>3</th>\n",
       "      <td>14</td>\n",
       "      <td>15</td>\n",
       "    </tr>\n",
       "    <tr>\n",
       "      <th>4</th>\n",
       "      <td>15</td>\n",
       "      <td>16</td>\n",
       "    </tr>\n",
       "  </tbody>\n",
       "</table>\n",
       "</div>"
      ],
      "text/plain": [
       "   Temp  Wind\n",
       "0    20    12\n",
       "1    17    14\n",
       "2    18    13\n",
       "3    14    15\n",
       "4    15    16"
      ]
     },
     "execution_count": 50,
     "metadata": {},
     "output_type": "execute_result"
    }
   ],
   "source": [
    "#Load Dataset\n",
    "read=pd.read_csv('temp_data.csv')\n",
    "print(\"Dataset is:- \")\n",
    "read.head()"
   ]
  },
  {
   "cell_type": "code",
   "execution_count": 51,
   "id": "9df80929",
   "metadata": {},
   "outputs": [
    {
     "name": "stdout",
     "output_type": "stream",
     "text": [
      "Given Matrix is:\n",
      "[[20 12]\n",
      " [17 14]\n",
      " [18 13]\n",
      " [14 15]\n",
      " [15 16]\n",
      " [16 18]\n",
      " [17 19]\n",
      " [21 11]\n",
      " [22 14]\n",
      " [13 17]\n",
      " [12 15]\n",
      " [12 29]\n",
      " [35 28]\n",
      " [35 27]\n",
      " [25 26]\n",
      " [21 25]\n",
      " [23 24]\n",
      " [12 23]\n",
      " [11 22]\n",
      " [19 21]\n",
      " [18 11]\n",
      " [33 12]\n",
      " [32 13]\n",
      " [21 14]\n",
      " [25 15]\n",
      " [34 16]\n",
      " [27 17]\n",
      " [28 18]\n",
      " [29 19]\n",
      " [30 20]]\n"
     ]
    }
   ],
   "source": [
    "matrix = read.to_numpy()\n",
    "print(\"Given Matrix is:\")\n",
    "print(matrix)"
   ]
  },
  {
   "cell_type": "code",
   "execution_count": 52,
   "id": "bba9e08b",
   "metadata": {},
   "outputs": [
    {
     "name": "stdout",
     "output_type": "stream",
     "text": [
      "Transpose of a Given Matrix\n",
      "[20, 17, 18, 14, 15, 16, 17, 21, 22, 13, 12, 12, 35, 35, 25, 21, 23, 12, 11, 19, 18, 33, 32, 21, 25, 34, 27, 28, 29, 30]\n",
      "[12, 14, 13, 15, 16, 18, 19, 11, 14, 17, 15, 29, 28, 27, 26, 25, 24, 23, 22, 21, 11, 12, 13, 14, 15, 16, 17, 18, 19, 20]\n"
     ]
    }
   ],
   "source": [
    "#find transpose of given matrix\n",
    "print(\"Transpose of a Given Matrix\")\n",
    "trans = [[matrix[j][i] for j in range(len(matrix))] for i in range(len(matrix[0]))]\n",
    "for transpose in trans:\n",
    "   print(transpose)"
   ]
  },
  {
   "cell_type": "code",
   "execution_count": 53,
   "id": "0ab2e02d",
   "metadata": {},
   "outputs": [
    {
     "name": "stdout",
     "output_type": "stream",
     "text": [
      "value of AA' is:- \n",
      "[544, 508, 516, 460, 492, 536, 568, 552, 608, 464, 420, 588, 1036, 1024, 812, 720, 748, 516, 484, 632, 492, 804, 796, 588, 680, 872, 744, 776, 808, 840]\n",
      "[508, 485, 488, 448, 479, 524, 555, 511, 570, 459, 414, 610, 987, 973, 789, 707, 727, 526, 495, 617, 460, 729, 726, 553, 635, 802, 697, 728, 759, 790]\n",
      "[516, 488, 493, 447, 478, 522, 553, 521, 578, 455, 411, 593, 994, 981, 788, 703, 726, 515, 484, 615, 467, 750, 745, 560, 645, 820, 707, 738, 769, 800]\n",
      "[460, 448, 447, 421, 450, 494, 523, 459, 518, 437, 393, 603, 910, 895, 740, 669, 682, 513, 484, 581, 417, 642, 643, 504, 575, 716, 633, 662, 691, 720]\n",
      "[492, 479, 478, 450, 481, 528, 559, 491, 554, 467, 420, 644, 973, 957, 791, 715, 729, 548, 517, 621, 446, 687, 688, 539, 615, 766, 677, 708, 739, 770]\n",
      "[536, 524, 522, 494, 528, 580, 614, 534, 604, 514, 462, 714, 1064, 1046, 868, 786, 800, 606, 572, 682, 486, 744, 746, 588, 670, 832, 738, 772, 806, 840]\n",
      "[568, 555, 553, 523, 559, 614, 650, 566, 640, 544, 489, 755, 1127, 1108, 919, 832, 847, 641, 605, 722, 515, 789, 791, 623, 710, 882, 782, 818, 854, 890]\n",
      "[552, 511, 521, 459, 491, 534, 566, 562, 616, 460, 417, 571, 1043, 1032, 811, 716, 747, 505, 473, 630, 499, 825, 815, 595, 690, 890, 754, 786, 818, 850]\n",
      "[608, 570, 578, 518, 554, 604, 640, 616, 680, 524, 474, 670, 1162, 1148, 914, 812, 842, 586, 550, 712, 550, 894, 886, 658, 760, 972, 832, 868, 904, 940]\n",
      "[464, 459, 455, 437, 467, 514, 544, 460, 524, 458, 411, 649, 931, 914, 767, 698, 707, 547, 517, 604, 421, 633, 637, 511, 580, 714, 640, 670, 700, 730]\n",
      "[420, 414, 411, 393, 420, 462, 489, 417, 474, 411, 369, 579, 840, 825, 690, 627, 636, 489, 462, 543, 381, 576, 579, 462, 525, 648, 579, 606, 633, 660]\n",
      "[588, 610, 593, 603, 644, 714, 755, 571, 670, 649, 579, 985, 1232, 1203, 1054, 977, 972, 811, 770, 837, 535, 744, 761, 658, 735, 872, 817, 858, 899, 940]\n",
      "[1036, 987, 994, 910, 973, 1064, 1127, 1043, 1162, 931, 840, 1232, 2009, 1981, 1603, 1435, 1477, 1064, 1001, 1253, 938, 1491, 1484, 1127, 1295, 1638, 1421, 1484, 1547, 1610]\n",
      "[1024, 973, 981, 895, 957, 1046, 1108, 1032, 1148, 914, 825, 1203, 1981, 1954, 1577, 1410, 1453, 1041, 979, 1232, 927, 1479, 1471, 1113, 1280, 1622, 1404, 1466, 1528, 1590]\n",
      "[812, 789, 788, 740, 791, 868, 919, 811, 914, 767, 690, 1054, 1603, 1577, 1301, 1175, 1199, 898, 847, 1021, 736, 1137, 1138, 889, 1015, 1266, 1117, 1168, 1219, 1270]\n",
      "[720, 707, 703, 669, 715, 786, 832, 716, 812, 698, 627, 977, 1435, 1410, 1175, 1066, 1083, 827, 781, 924, 653, 993, 997, 791, 900, 1114, 992, 1038, 1084, 1130]\n",
      "[748, 727, 726, 682, 729, 800, 847, 747, 842, 707, 636, 972, 1477, 1453, 1199, 1083, 1105, 828, 781, 941, 678, 1047, 1048, 819, 935, 1166, 1029, 1076, 1123, 1170]\n",
      "[516, 526, 515, 513, 548, 606, 641, 505, 586, 547, 489, 811, 1064, 1041, 898, 827, 828, 673, 638, 711, 469, 672, 683, 574, 645, 776, 715, 750, 785, 820]\n",
      "[484, 495, 484, 484, 517, 572, 605, 473, 550, 517, 462, 770, 1001, 979, 847, 781, 781, 638, 605, 671, 440, 627, 638, 539, 605, 726, 671, 704, 737, 770]\n",
      "[632, 617, 615, 581, 621, 682, 722, 630, 712, 604, 543, 837, 1253, 1232, 1021, 924, 941, 711, 671, 802, 573, 879, 881, 693, 790, 982, 870, 910, 950, 990]\n",
      "[492, 460, 467, 417, 446, 486, 515, 499, 550, 421, 381, 535, 938, 927, 736, 653, 678, 469, 440, 573, 445, 726, 719, 532, 615, 788, 673, 702, 731, 760]\n",
      "[804, 729, 750, 642, 687, 744, 789, 825, 894, 633, 576, 744, 1491, 1479, 1137, 993, 1047, 672, 627, 879, 726, 1233, 1212, 861, 1005, 1314, 1095, 1140, 1185, 1230]\n",
      "[796, 726, 745, 643, 688, 746, 791, 815, 886, 637, 579, 761, 1484, 1471, 1138, 997, 1048, 683, 638, 881, 719, 1212, 1193, 854, 995, 1296, 1085, 1130, 1175, 1220]\n",
      "[588, 553, 560, 504, 539, 588, 623, 595, 658, 511, 462, 658, 1127, 1113, 889, 791, 819, 574, 539, 693, 532, 861, 854, 637, 735, 938, 805, 840, 875, 910]\n",
      "[680, 635, 645, 575, 615, 670, 710, 690, 760, 580, 525, 735, 1295, 1280, 1015, 900, 935, 645, 605, 790, 615, 1005, 995, 735, 850, 1090, 930, 970, 1010, 1050]\n",
      "[872, 802, 820, 716, 766, 832, 882, 890, 972, 714, 648, 872, 1638, 1622, 1266, 1114, 1166, 776, 726, 982, 788, 1314, 1296, 938, 1090, 1412, 1190, 1240, 1290, 1340]\n",
      "[744, 697, 707, 633, 677, 738, 782, 754, 832, 640, 579, 817, 1421, 1404, 1117, 992, 1029, 715, 671, 870, 673, 1095, 1085, 805, 930, 1190, 1018, 1062, 1106, 1150]\n",
      "[776, 728, 738, 662, 708, 772, 818, 786, 868, 670, 606, 858, 1484, 1466, 1168, 1038, 1076, 750, 704, 910, 702, 1140, 1130, 840, 970, 1240, 1062, 1108, 1154, 1200]\n",
      "[808, 759, 769, 691, 739, 806, 854, 818, 904, 700, 633, 899, 1547, 1528, 1219, 1084, 1123, 785, 737, 950, 731, 1185, 1175, 875, 1010, 1290, 1106, 1154, 1202, 1250]\n",
      "[840, 790, 800, 720, 770, 840, 890, 850, 940, 730, 660, 940, 1610, 1590, 1270, 1130, 1170, 820, 770, 990, 760, 1230, 1220, 910, 1050, 1340, 1150, 1200, 1250, 1300]\n"
     ]
    }
   ],
   "source": [
    "#find AA'\n",
    "print(\"value of AA' is:- \")\n",
    "dot_pro = [[sum(first*second for first,second in zip(X_rows,Y_column)) for Y_column in zip(*trans)] for X_rows in matrix]\n",
    "for dot in dot_pro:\n",
    "   print(dot)"
   ]
  },
  {
   "cell_type": "code",
   "execution_count": 55,
   "id": "4809daf5",
   "metadata": {
    "scrolled": true
   },
   "outputs": [
    {
     "name": "stdout",
     "output_type": "stream",
     "text": [
      "Eigen Values is:- \n",
      "[-1.62222195e-12 -2.66364090e-13 -2.38328285e-13 -2.20342590e-13\n",
      " -1.98125908e-13 -1.93246815e-13 -1.17677862e-13 -1.08865540e-13\n",
      " -1.02515447e-13 -7.00746579e-14 -4.90144145e-14 -3.13401221e-14\n",
      " -2.79688014e-14 -1.40905727e-14  1.99096038e-14  2.69134236e-14\n",
      "  2.71799229e-14  5.34065961e-14  8.91845371e-14  1.03080136e-13\n",
      "  1.20474664e-13  1.43122172e-13  1.44193617e-13  2.14853467e-13\n",
      "  2.15136549e-13  3.19490256e-13  2.14254947e-12  1.09658239e-11\n",
      "  1.05694218e+03  2.55640578e+04]\n"
     ]
    }
   ],
   "source": [
    "eigenvalues, eigenvectors = np.linalg.eigh(dot_pro)\n",
    "\n",
    "print(\"Eigen Values is:- \")\n",
    "print(eigenvalues)\n"
   ]
  },
  {
   "cell_type": "code",
   "execution_count": 56,
   "id": "80fc1872",
   "metadata": {},
   "outputs": [
    {
     "name": "stdout",
     "output_type": "stream",
     "text": [
      "Eigen Vectors is:- \n",
      "[[-2.22173595e-03 -1.26313614e-03 -6.07762681e-03  0.00000000e+00\n",
      "   2.89026602e-03  0.00000000e+00  0.00000000e+00 -7.19677935e-03\n",
      "   0.00000000e+00  0.00000000e+00  7.39416909e-03  0.00000000e+00\n",
      "   0.00000000e+00  0.00000000e+00  0.00000000e+00 -8.85889027e-03\n",
      "   0.00000000e+00  0.00000000e+00  0.00000000e+00  8.91360859e-03\n",
      "   0.00000000e+00  0.00000000e+00 -7.66490501e-03  0.00000000e+00\n",
      "   4.94169060e-03  1.64160061e-03 -5.53681247e-02 -9.82902959e-01\n",
      "   9.77188834e-02 -1.44516697e-01]\n",
      " [-6.61932949e-01 -1.68928066e-02  6.69192045e-02  4.22893865e-03\n",
      "  -1.54862998e-02  1.60138792e-03 -6.32468143e-04  6.18859858e-03\n",
      "   5.93834029e-03  8.46585493e-03  1.34406910e-02 -8.81631667e-03\n",
      "   9.31850650e-03  9.59735832e-03  1.69571963e-02 -2.44814247e-03\n",
      "  -1.67216451e-02  1.16850594e-02  2.28770594e-02  4.77879263e-03\n",
      "  -3.41513626e-03 -5.93690119e-03 -1.38829202e-02  1.64965357e-02\n",
      "   2.93998745e-02 -2.68256085e-02 -7.28029294e-01  6.18527376e-02\n",
      "  -8.04157712e-03 -1.37728992e-01]\n",
      " [-1.45350730e-01 -3.23403527e-03 -1.70359961e-01  2.34523569e-01\n",
      "   1.41993782e-02  5.22586574e-01  3.52583261e-01  5.96430783e-02\n",
      "  -2.73618187e-01  1.47990936e-01 -5.91598926e-02  2.27238820e-01\n",
      "  -6.77473751e-02 -2.16688079e-01  9.78642256e-02 -2.17958739e-01\n",
      "   1.59545469e-01  2.17393925e-01  1.10916987e-01 -4.19351601e-02\n",
      "   6.70715957e-02  1.36138397e-01  2.01837425e-01 -2.80980826e-02\n",
      "  -1.40932361e-01  1.58445168e-01  1.26789930e-01  1.68609852e-02\n",
      "   3.52033683e-02 -1.38685438e-01]\n",
      " [-4.71224791e-03  1.80440612e-01  3.77642923e-02 -2.29662615e-02\n",
      "  -1.91300884e-01  2.51260364e-01 -1.54921086e-01 -2.28281460e-01\n",
      "   2.09656340e-01 -1.54392647e-02 -1.68901789e-01 -1.31080389e-01\n",
      "  -3.84879996e-01  1.06442144e-01  8.77298428e-02  3.87059366e-01\n",
      "   2.52629410e-01  2.27180014e-01  3.80106319e-01 -1.02016463e-01\n",
      "  -5.06176298e-03 -2.25064414e-01 -1.60074572e-01 -9.17626889e-02\n",
      "  -1.46297601e-02  4.21718104e-02  3.86198968e-02  3.78524120e-03\n",
      "  -8.98276618e-02 -1.27022919e-01]\n",
      " [ 2.87051483e-01 -2.06983977e-01 -1.27324682e-01  2.20327044e-01\n",
      "   6.45911053e-02 -1.47882842e-01 -1.98779586e-02  6.66588894e-02\n",
      "  -1.86969517e-01 -3.96750994e-02 -2.95770560e-01 -2.46227332e-01\n",
      "  -3.95648178e-01 -4.58670189e-02 -1.73879993e-01 -2.31726842e-01\n",
      "  -1.99684828e-01 -1.38736523e-01  2.33776539e-01 -5.21575081e-02\n",
      "   1.19900129e-01 -2.24872081e-01  2.58791377e-01  1.22251182e-01\n",
      "   2.93077047e-03 -4.44093563e-02 -2.42330465e-01  2.16409720e-02\n",
      "  -9.45314680e-02 -1.35816102e-01]\n",
      " [-2.70771141e-02 -1.58582091e-01  2.47327766e-01  4.25660954e-02\n",
      "  -2.07763530e-01 -1.61945106e-01  3.27112421e-02 -1.53169010e-01\n",
      "   1.71597442e-01  2.63159582e-01 -1.00547684e-01  2.27937850e-02\n",
      "  -4.08328707e-02  5.74697736e-02 -1.97260381e-01  1.04491395e-01\n",
      "   3.79753359e-02 -1.12890394e-01 -9.83745042e-03 -1.31456206e-01\n",
      "   5.18759110e-01  5.14641232e-01  5.31424451e-02  4.48892146e-02\n",
      "  -1.94756466e-01  6.22553451e-02  6.05528263e-02  1.24407144e-03\n",
      "  -1.23209650e-01 -1.48527652e-01]\n",
      " [ 6.38902166e-02  6.42757404e-02  1.37874795e-01  9.45950190e-02\n",
      "  -3.94011858e-04 -1.46690966e-01  1.15386786e-01  2.91511528e-01\n",
      "  -5.17430976e-03 -3.47881231e-01 -4.85946987e-01  2.94390087e-01\n",
      "   3.14754930e-02 -2.69739665e-01 -8.48172227e-02  1.31577470e-01\n",
      "  -1.24105611e-02  8.80260827e-02 -1.99785482e-01 -2.78076945e-01\n",
      "  -8.18253736e-02  3.56127912e-02 -3.18494789e-01 -1.16673706e-01\n",
      "   5.27166859e-02  9.11424416e-02 -3.90075599e-02  4.93377261e-03\n",
      "  -1.27913456e-01 -1.57320835e-01]\n",
      " [ 1.63521934e-01 -1.22165805e-01 -2.92947315e-01  7.05772736e-02\n",
      "  -1.85275438e-01  6.72013976e-02  3.23141431e-01  2.95584635e-01\n",
      "   3.19899805e-01 -3.65828090e-01  1.32492250e-01 -2.78888457e-01\n",
      "   3.31928432e-02  1.34234982e-01  7.79092871e-02  5.32637611e-02\n",
      "   1.73013004e-01 -6.66428824e-02  1.20719505e-01  1.32522128e-01\n",
      "  -5.11513629e-02  3.44146584e-01 -8.18336454e-02  1.28147488e-01\n",
      "   9.27044373e-02 -2.58367686e-03 -1.22967722e-01  4.40384109e-02\n",
      "   1.40963829e-01 -1.45473142e-01]\n",
      " [-7.94747991e-02 -8.10919174e-02  1.07413244e-01  4.65079603e-02\n",
      "  -1.65847180e-02 -3.78341493e-02  3.90116989e-01  2.42459625e-02\n",
      "  -1.42773376e-01  8.16328512e-02  3.73884599e-02 -1.06677982e-01\n",
      "  -1.53296071e-01  3.28735485e-01  4.42285016e-01  7.04659867e-02\n",
      "  -3.06230538e-01 -2.78062158e-01 -1.41778184e-01 -8.76943216e-02\n",
      "   8.81646864e-02 -2.20223420e-01 -2.67926399e-01 -1.84556676e-01\n",
      "  -1.70836516e-01  8.70645315e-02  1.20221194e-01  2.54618022e-02\n",
      "   8.83112711e-02 -1.62103061e-01]\n",
      " [ 1.05125480e-01  9.93615872e-02  6.59489957e-02  1.51613565e-01\n",
      "  -8.48925251e-02 -1.51207841e-01 -1.85575718e-01  2.75010524e-01\n",
      "   4.29638357e-01  3.19918617e-01 -6.11212504e-04  6.78405389e-02\n",
      "   8.21185982e-02 -5.30258060e-02  3.78085269e-01 -4.84629423e-01\n",
      "   2.90632401e-02  1.89991704e-01  8.94607365e-02  5.97406379e-02\n",
      "   3.06959976e-02 -1.08592355e-01 -1.39215124e-01 -8.99241580e-03\n",
      "  -8.64708536e-02 -3.97716948e-02 -3.60376896e-02  7.98162541e-03\n",
      "  -1.57046983e-01 -1.29984843e-01]\n",
      " [ 5.51717048e-02 -2.23430562e-03  8.09817896e-03  3.87036297e-03\n",
      "   2.93386488e-01 -2.38611759e-01  9.49520555e-02 -1.18579350e-01\n",
      "   2.43383428e-02 -3.11573321e-01  4.98610207e-01  3.49742021e-01\n",
      "  -1.38338365e-01  1.77572046e-01  7.84228533e-03 -8.93764808e-02\n",
      "  -4.16430614e-02  2.61761530e-01  2.23665153e-01 -2.61839218e-01\n",
      "   2.08323526e-01 -6.66091342e-03  4.27829360e-02 -3.93430526e-02\n",
      "   1.55550355e-01  1.13424837e-01 -2.02089683e-02  9.99774453e-03\n",
      "  -1.28368801e-01 -1.17273292e-01]\n",
      " [ 4.87547280e-02 -2.93977828e-03 -5.30394788e-02  2.19027220e-01\n",
      "  -3.10707843e-01 -1.17758125e-01 -7.89088034e-02 -1.34932001e-01\n",
      "  -2.91026748e-01  5.21812919e-02  1.26932661e-01  1.76504696e-01\n",
      "  -6.29241501e-02  7.96888837e-02  9.33152325e-02  7.07728401e-02\n",
      "  -1.03885270e-01 -9.95743485e-02  9.65068263e-02  1.85647126e-01\n",
      "  -4.54144901e-01  2.98727573e-01 -1.05415021e-02 -1.26755242e-01\n",
      "   7.76481851e-02 -1.60592748e-01  5.25058156e-03 -1.86177878e-02\n",
      "  -4.64010062e-01 -1.72130450e-01]\n",
      " [-2.77058958e-01  2.00589054e-01  3.92911649e-02 -2.72294626e-01\n",
      "   1.50687333e-01 -4.12770520e-02  8.08195405e-02  2.49737736e-01\n",
      "   8.83264336e-02 -1.23186159e-01 -1.15472358e-01  3.76613734e-02\n",
      "  -1.01204298e-01  4.21800097e-02 -1.56002537e-01 -9.45037218e-03\n",
      "  -2.11659283e-01  4.48123500e-02  1.84519510e-01  2.81678911e-01\n",
      "   6.23265779e-02  3.88177693e-02  1.69853237e-01 -1.30064549e-01\n",
      "  -1.09474029e-01 -4.87912964e-01  3.15219684e-01  2.15988156e-02\n",
      "   3.18741540e-03 -2.80332798e-01]\n",
      " [ 1.25439874e-01 -4.46343320e-02 -1.74509530e-01 -1.48977814e-01\n",
      "  -3.60148962e-01  1.05850679e-01  8.92209263e-02  5.10067863e-02\n",
      "   2.13963702e-01  1.78528375e-01  1.26915263e-01  1.67263171e-01\n",
      "  -3.96680741e-02  1.05486492e-01 -2.89537116e-01 -3.44476608e-03\n",
      "   7.06694057e-03 -6.19041021e-04 -3.84241561e-01 -1.24134398e-01\n",
      "  -2.38376853e-02 -2.84189087e-01  2.82179064e-01 -3.26751888e-01\n",
      "   2.07109681e-01 -1.21517266e-02 -8.20818883e-02  4.60664302e-02\n",
      "   2.71617912e-02 -2.76414430e-01]\n",
      " [ 1.83723691e-01 -1.03274726e-01  3.47811880e-01 -1.23761033e-01\n",
      "   6.53467758e-02  9.72317127e-02  2.69465322e-01 -2.14283419e-01\n",
      "  -1.68582723e-02 -1.52250732e-02  2.41594765e-02 -1.82621833e-01\n",
      "   2.53948922e-01 -1.89384129e-02  8.71330193e-02 -3.26386552e-02\n",
      "   1.61187180e-01  1.33105194e-01 -7.36667960e-02 -3.18492630e-01\n",
      "  -2.12310094e-01 -9.20285117e-02  1.28684734e-01  2.86148813e-01\n",
      "  -1.31545835e-01 -4.28270056e-01 -7.34923222e-02  1.74984108e-02\n",
      "  -1.41569529e-01 -2.23747924e-01]\n",
      " [-3.16578056e-01  1.19146389e-01  3.15284215e-02  2.96267657e-01\n",
      "  -3.46359393e-02 -8.43946921e-02  8.37156325e-02 -1.16136396e-02\n",
      "   1.13017486e-01 -3.25734435e-02  1.54026026e-01 -1.53787059e-01\n",
      "  -2.11852189e-02  1.83700520e-02 -3.74465722e-01 -8.66263867e-02\n",
      "   5.98862679e-02 -6.97356285e-02 -1.33093149e-01  6.86658340e-02\n",
      "  -1.43246476e-01 -2.54161220e-01 -1.13259105e-01  4.30896444e-01\n",
      "  -2.61993676e-02  2.71003620e-01  3.23964441e-01 -4.03222086e-03\n",
      "  -1.94677432e-01 -2.00330300e-01]\n",
      " [ 9.13390231e-02 -1.76752737e-02 -1.44711484e-01 -1.49727602e-01\n",
      "   3.93335553e-01 -1.80366114e-01 -6.18946438e-02  1.15324710e-01\n",
      "   7.27746343e-02  1.28381684e-01  2.30892462e-02 -8.41831751e-02\n",
      "  -1.39283324e-01 -4.00953046e-02  1.35834140e-01  3.18629951e-01\n",
      "   8.80075195e-02  1.45716916e-01 -2.45201556e-01  1.30723074e-01\n",
      "  -2.19691538e-01  9.94651893e-02  2.75874051e-01 -9.14594125e-03\n",
      "  -3.97858680e-01  3.22947380e-01 -9.89228213e-02  1.86435079e-02\n",
      "  -1.32161917e-01 -2.06161559e-01]\n",
      " [-6.51662876e-02 -1.83600717e-01 -2.58501598e-01  6.08480744e-02\n",
      "   2.83876125e-02  2.11317590e-01 -1.56814831e-01 -3.18410236e-01\n",
      "   1.77020710e-01 -3.13253889e-01 -1.66727597e-01 -5.91680583e-02\n",
      "   4.00235181e-01 -6.20228646e-02  2.07605828e-01  4.85375436e-02\n",
      "  -3.04414318e-01  2.38834204e-02 -8.51102530e-02  1.31537826e-01\n",
      "   2.60681922e-01 -1.11684995e-01  1.16571784e-01 -4.02931110e-02\n",
      "   1.46899636e-02  7.90078832e-02  7.23385094e-02 -1.08590448e-02\n",
      "  -3.20163807e-01 -1.48620240e-01]\n",
      " [ 1.25542203e-02 -1.00898649e-02  3.92142710e-02 -1.31801407e-01\n",
      "   1.74992607e-01  1.82644752e-01 -1.50239058e-01  1.26073988e-01\n",
      "  -1.44102099e-01 -6.41592251e-02  3.08709297e-01 -2.86934486e-01\n",
      "  -1.07169295e-01 -3.50635769e-01 -2.64499049e-02 -1.08404793e-01\n",
      "   3.09163424e-01 -3.14776588e-01 -1.05989538e-01 -2.18623234e-02\n",
      "   2.16540123e-01  4.67449490e-03 -2.36826884e-01 -3.04029039e-01\n",
      "   4.61537279e-02 -7.68350214e-02  5.55315046e-03 -6.73131288e-03\n",
      "  -3.15460001e-01 -1.39827057e-01]\n",
      " [ 5.07383857e-02  1.05861122e-01 -4.47322581e-02 -1.52998434e-01\n",
      "  -8.74651556e-03  1.82780665e-01 -2.92252586e-01  4.25308499e-01\n",
      "  -3.68719848e-01  1.08216057e-01 -4.84544547e-02 -9.92846887e-02\n",
      "   2.81167701e-01  4.74974087e-01 -5.11622720e-02  6.35531692e-02\n",
      "  -3.05484055e-02  1.20479629e-01  6.13353796e-02 -1.90546435e-01\n",
      "   1.34582257e-01  4.48329402e-02 -3.84509177e-02  1.87137708e-01\n",
      "   1.11886258e-01  1.25223079e-01  3.04359129e-04  7.33952079e-03\n",
      "  -1.37321068e-01 -1.74907199e-01]\n",
      " [-1.14011694e-02 -7.35830406e-02  4.91152616e-02  1.38629369e-02\n",
      "  -6.41946313e-02 -1.25151596e-01 -1.03616831e-01  8.27329597e-02\n",
      "  -6.46119210e-02 -1.28408428e-01 -6.41830654e-02  4.18065328e-01\n",
      "   1.30749233e-01  4.94853563e-02  2.10165014e-01  1.25788642e-01\n",
      "   4.69519989e-01 -4.71835169e-01  1.42189068e-01  1.32384440e-01\n",
      "   1.08242215e-01 -2.60430759e-01  2.38696139e-01  1.68518214e-01\n",
      "  -6.45536230e-02 -1.18314289e-02  2.85041317e-02  2.23003095e-02\n",
      "   8.31521199e-02 -1.30848701e-01]\n",
      " [-1.41830266e-01 -4.57913081e-01 -1.96453890e-01  9.10270327e-02\n",
      "  -1.91328127e-02 -4.55315807e-02 -3.84923008e-01 -5.74592269e-02\n",
      "  -3.95664135e-02 -9.97054711e-02  5.29203193e-02  1.39349575e-02\n",
      "   3.55707097e-02  5.85262051e-02 -1.26479990e-01 -1.32043561e-01\n",
      "   5.90826335e-02  7.24513353e-02  4.05394196e-02 -2.53799767e-01\n",
      "  -1.96523395e-01  3.35611566e-02 -2.01277559e-01 -1.51672482e-01\n",
      "  -3.65408625e-01 -1.20849610e-01  1.50823317e-01  5.79966510e-02\n",
      "   3.48236289e-01 -2.07889275e-01]\n",
      " [-4.76529403e-02  3.84472724e-02  4.74565274e-01  3.37584367e-01\n",
      "   2.24102715e-02  2.21196878e-02 -2.40612168e-01  5.79095961e-02\n",
      "  -8.62519307e-03 -1.38231431e-01  4.48298394e-02 -2.36918062e-01\n",
      "  -1.37628479e-02 -5.73779682e-02  1.82124007e-01  4.07328595e-02\n",
      "  -4.22209751e-02  5.26458448e-02 -8.65641410e-02 -5.09247691e-03\n",
      "  -6.78408719e-02  1.27844730e-01  3.65567443e-01 -1.75588063e-01\n",
      "   3.32827601e-01  1.26011242e-01  1.29621958e-01  4.91682464e-02\n",
      "   3.04991343e-01 -2.06932830e-01]\n",
      " [ 4.89180970e-02  1.00286364e-02 -5.09302380e-02  3.10231360e-02\n",
      "   2.67488941e-01  1.29587589e-01  4.28451124e-02  4.69918686e-02\n",
      "   2.42392373e-01  3.23041805e-01  7.55490372e-02  7.59957674e-02\n",
      "   2.34936842e-01 -2.22981993e-01 -1.09567990e-01  2.22385812e-01\n",
      "  -2.79961549e-01 -3.65805391e-01  4.21433374e-01 -2.55362002e-01\n",
      "  -2.09761274e-01  2.33240868e-02 -3.84327093e-02 -1.76997940e-02\n",
      "   1.41543005e-01  9.43924857e-02 -4.40399105e-03  2.82804824e-02\n",
      "   6.90407014e-02 -1.57228247e-01]\n",
      " [ 1.73917423e-01 -8.56436478e-02  3.90791388e-03  3.63108636e-01\n",
      "   2.69662792e-01 -9.43896228e-02  1.33486852e-01 -9.27473468e-02\n",
      "  -1.19070615e-01  2.26429703e-01 -2.67549456e-02  7.80663988e-04\n",
      "   2.38144804e-01  1.00138562e-01 -2.05066081e-01  2.07200844e-01\n",
      "   1.78920064e-01  2.29063377e-01  8.46178385e-04  4.12046940e-01\n",
      "   1.71607941e-01 -1.33531843e-01 -2.63149899e-01 -1.74465146e-01\n",
      "   1.20050884e-01 -1.64530980e-01 -1.08831722e-01  5.00485743e-02\n",
      "   1.22148604e-01 -1.80645871e-01]\n",
      " [ 1.63153692e-01  5.77447915e-01 -2.05207293e-01  1.24457610e-01\n",
      "  -2.10965928e-01 -9.30124415e-02 -1.12739364e-01 -1.16288416e-01\n",
      "  -1.64517951e-01 -6.73119780e-02  2.09294990e-01 -1.87232511e-02\n",
      "   6.28755327e-02 -2.63955813e-01  4.99781185e-02  1.11306841e-01\n",
      "  -1.72109533e-01 -1.41678821e-02 -8.59550207e-02 -8.37500833e-02\n",
      "   1.96776008e-01  5.08667822e-03 -3.87052512e-02  1.55019166e-01\n",
      "  -2.58911772e-01 -1.22849313e-01 -1.32660834e-01  6.70590790e-02\n",
      "   2.71609355e-01 -2.28437563e-01]\n",
      " [ 1.75463678e-01  5.06082726e-02  9.99843318e-02 -3.16193350e-02\n",
      "   2.66172788e-01  4.06166522e-01 -1.96431601e-01 -1.74495302e-01\n",
      "   1.43523053e-01 -3.56068468e-02 -7.46477647e-02  2.89891748e-01\n",
      "  -3.04280539e-01  1.96464989e-01 -1.50151299e-02 -1.64516862e-01\n",
      "  -9.74258850e-02 -1.80162901e-01 -2.73432468e-01  1.70712498e-01\n",
      "  -5.55354073e-02  1.80538832e-01 -2.07745284e-01  2.78735921e-01\n",
      "   8.25698741e-02 -5.89711854e-02 -1.15871125e-01  5.22683999e-02\n",
      "   1.12740992e-01 -1.98232235e-01]\n",
      " [ 1.20140614e-01 -3.28245035e-01  2.73832412e-01 -3.82589909e-01\n",
      "  -2.79899262e-01  2.63811476e-02  3.51388488e-03  5.56287569e-02\n",
      "  -1.49479381e-01 -8.27111564e-03  1.62929595e-01  7.30464980e-02\n",
      "  -1.75656022e-02 -3.24469417e-01 -1.41129948e-02  4.05398586e-02\n",
      "  -2.11359755e-01  1.91688969e-01  1.60293928e-01  3.35562526e-01\n",
      "   1.90562312e-02 -1.09623969e-01 -1.54453662e-01  1.87976016e-01\n",
      "   1.35953703e-02  2.53267778e-01 -2.01426677e-02  4.51405341e-02\n",
      "   1.08037186e-01 -2.07025417e-01]\n",
      " [-1.74009567e-01 -7.56107090e-02 -3.49116525e-01 -2.07878288e-01\n",
      "   6.11517922e-02 -2.86582561e-01  1.08627249e-02 -1.59287330e-01\n",
      "  -9.68194895e-02  2.26360570e-01 -1.60118536e-01 -6.73832281e-02\n",
      "  -1.30564396e-01 -1.63017337e-01  2.64572062e-01  2.51923840e-03\n",
      "   1.27998435e-01  7.34059361e-02 -1.12992420e-01 -1.16539783e-01\n",
      "   4.33614123e-02  9.85234696e-02 -7.84693460e-02  2.32351848e-01\n",
      "   5.09140492e-01 -9.33287651e-02  1.91825944e-01  3.59264322e-02\n",
      "   1.03333380e-01 -2.15818600e-01]\n",
      " [ 6.98441550e-02  2.78807697e-01  3.14867829e-02 -2.81726782e-01\n",
      "   1.98950843e-02 -1.43965308e-01  1.10536893e-01 -3.40972060e-01\n",
      "  -7.74133986e-02 -7.90557596e-02 -2.31694855e-01 -1.25455115e-01\n",
      "   2.05709128e-01  1.41541580e-01 -1.07367482e-01 -4.10181642e-01\n",
      "   1.55765990e-01 -1.15081358e-01  1.76760574e-01  8.47198624e-02\n",
      "  -1.43515308e-01  9.12446294e-02 -2.64687573e-02 -2.59491672e-01\n",
      "  -2.52346709e-02  3.53837171e-01 -4.64887105e-02  5.06861518e-02\n",
      "   9.86295735e-02 -2.24611782e-01]]\n"
     ]
    }
   ],
   "source": [
    "print(\"Eigen Vectors is:- \")\n",
    "print(eigenvectors)"
   ]
  }
 ],
 "metadata": {
  "kernelspec": {
   "display_name": "Python 3",
   "language": "python",
   "name": "python3"
  },
  "language_info": {
   "codemirror_mode": {
    "name": "ipython",
    "version": 3
   },
   "file_extension": ".py",
   "mimetype": "text/x-python",
   "name": "python",
   "nbconvert_exporter": "python",
   "pygments_lexer": "ipython3",
   "version": "3.8.5"
  }
 },
 "nbformat": 4,
 "nbformat_minor": 5
}
